0.000000 0.000000 0.000000 
0.001734 -0.029226 0.001355 
0.001734 -0.029226 0.001355 
0.008080 -0.031564 0.001575 
0.008080 -0.031564 0.001575 
0.021794 -0.030950 0.001252 
0.021794 -0.030950 0.001252 
0.049247 -0.034114 0.002379 
0.049247 -0.034114 0.002379 
0.079211 -0.033149 0.002708 
0.079211 -0.033149 0.002708 
0.103353 -0.035369 0.001682 
0.103353 -0.035369 0.001682 
0.133734 -0.034544 0.003032 
0.177356 -0.037642 0.003885 
0.177356 -0.037642 0.003885 
0.177356 -0.037642 0.003885 
0.223670 -0.036935 0.003291 
0.223670 -0.036935 0.003291 
0.273828 -0.033779 0.003548 
0.273828 -0.033779 0.003548 
0.323234 -0.032683 0.003956 
0.323234 -0.032683 0.003956 
0.379350 -0.031285 0.005381 
0.379350 -0.031285 0.005381 
0.433670 -0.028643 0.005600 
0.433670 -0.028643 0.005600 
0.488924 -0.025212 0.007166 
0.488924 -0.025212 0.007166 
0.545805 -0.023764 0.007566 
0.545805 -0.023764 0.007566 
0.593207 -0.022360 0.007758 
0.593207 -0.022360 0.007758 
0.653638 -0.023405 0.009016 
0.653638 -0.023405 0.009016 
0.717104 -0.029937 0.008928 
0.717104 -0.029937 0.008928 
0.773876 -0.036348 0.010267 
0.832883 -0.036521 0.009718 
0.895396 -0.032563 0.010429 
0.895396 -0.032563 0.010429 
0.895396 -0.032563 0.010429 
0.895396 -0.032563 0.010429 
0.960686 -0.032823 0.010716 
0.960686 -0.032823 0.010716 
1.025658 -0.036287 0.012238 
1.025658 -0.036287 0.012238 
1.086665 -0.035507 0.011699 
1.086665 -0.035507 0.011699 
1.157325 -0.035426 0.012304 
1.244676 -0.027752 0.011527 
1.244676 -0.027752 0.011527 
1.244676 -0.027752 0.011527 
1.324236 -0.025660 0.011116 
1.324236 -0.025660 0.011116 
1.404008 -0.028225 0.012811 
1.404008 -0.028225 0.012811 
1.500051 -0.032365 0.014141 
1.595972 -0.035047 0.015058 
1.681635 -0.037237 0.015761 
1.681635 -0.037237 0.015761 
1.681635 -0.037237 0.015761 
1.681635 -0.037237 0.015761 
1.763852 -0.036313 0.016436 
1.763852 -0.036313 0.016436 
1.838766 -0.034500 0.016015 
1.838766 -0.034500 0.016015 
1.912023 -0.035517 0.016543 
1.912023 -0.035517 0.016543 
1.990260 -0.035066 0.016870 
1.990260 -0.035066 0.016870 
2.066115 -0.035572 0.017396 
2.066115 -0.035572 0.017396 
2.143508 -0.037362 0.017247 
2.143508 -0.037362 0.017247 
2.220083 -0.036210 0.018011 
2.220083 -0.036210 0.018011 
2.303608 -0.036784 0.017748 
2.303608 -0.036784 0.017748 
2.384780 -0.030874 0.017087 
2.384780 -0.030874 0.017087 
2.468176 -0.030885 0.019085 
2.468176 -0.030885 0.019085 
2.549777 -0.026529 0.018557 
2.549777 -0.026529 0.018557 
2.634498 -0.031523 0.019252 
2.634498 -0.031523 0.019252 
2.720402 -0.029473 0.020218 
2.720402 -0.029473 0.020218 
2.801758 -0.033172 0.019692 
2.882269 -0.030627 0.018883 
2.882269 -0.030627 0.018883 
2.882269 -0.030627 0.018883 
2.968506 -0.030113 0.019482 
2.968506 -0.030113 0.019482 
3.055754 -0.025830 0.019965 
3.055754 -0.025830 0.019965 
3.143584 -0.023536 0.020085 
3.143584 -0.023536 0.020085 
3.228618 -0.021286 0.020062 
3.228618 -0.021286 0.020062 
3.316688 -0.019650 0.018740 
3.316688 -0.019650 0.018740 
3.403765 -0.017130 0.019426 
3.496165 -0.018775 0.020948 
3.583123 -0.017890 0.020856 
3.583123 -0.017890 0.020856 
3.583123 -0.017890 0.020856 
3.583123 -0.017890 0.020856 
3.679977 -0.017221 0.021550 
3.679977 -0.017221 0.021550 
3.775310 -0.017413 0.021749 
3.775310 -0.017413 0.021749 
3.873996 -0.009428 0.021549 
3.873996 -0.009428 0.021549 
3.963131 -0.011492 0.021704 
3.963131 -0.011492 0.021704 
4.048644 -0.012820 0.021685 
4.137419 -0.008271 0.023130 
4.137419 -0.008271 0.023130 
4.137419 -0.008271 0.023130 
4.229250 -0.002795 0.025490 
4.229250 -0.002795 0.025490 
4.316536 -0.008112 0.031889 
4.316536 -0.008112 0.031889 
4.408429 -0.005680 0.045717 
4.408429 -0.005680 0.045717 
4.495244 -0.004638 0.070711 
4.495244 -0.004638 0.070711 
4.577252 -0.009577 0.105649 
4.577252 -0.009577 0.105649 
4.654385 0.009900 0.139919 
4.654385 0.009900 0.139919 
4.729484 0.039603 0.174337 
4.729484 0.039603 0.174337 
4.782799 0.081938 0.215207 
4.782799 0.081938 0.215207 
4.862412 0.099597 0.257865 
4.862412 0.099597 0.257865 
4.959829 0.117077 0.298541 
4.959829 0.117077 0.298541 
5.045572 0.136454 0.339863 
5.045572 0.136454 0.339863 
5.133809 0.172179 0.377516 
5.133809 0.172179 0.377516 
5.223225 0.205819 0.416337 
5.223225 0.205819 0.416337 
5.304890 0.254618 0.451836 
5.304890 0.254618 0.451836 
5.392357 0.296568 0.490579 
5.392357 0.296568 0.490579 
5.455674 0.355738 0.527920 
5.455674 0.355738 0.527920 
5.524862 0.406643 0.564838 
5.524862 0.406643 0.564838 
5.579716 0.457994 0.604373 
5.647004 0.507754 0.642640 
5.647004 0.507754 0.642640 
5.647004 0.507754 0.642640 
5.705315 0.575923 0.678920 
5.705315 0.575923 0.678920 
5.792871 0.630185 0.714238 
5.792871 0.630185 0.714238 
5.867067 0.696542 0.724185 
5.867067 0.696542 0.724185 
5.938077 0.762181 0.737978 
5.938077 0.762181 0.737978 
6.006355 0.817463 0.747911 
6.006355 0.817463 0.747911 
6.074188 0.873870 0.756593 
6.074188 0.873870 0.756593 
6.138687 0.936196 0.764078 
6.219912 0.996648 0.770234 
6.219912 0.996648 0.770234 
6.287297 1.057446 0.775819 
6.287297 1.057446 0.775819 
6.287297 1.057446 0.775819 
6.287297 1.057446 0.775819 
6.352257 1.130747 0.779653 
6.419604 1.197228 0.782166 
6.419604 1.197228 0.782166 
6.476212 1.269940 0.785558 
6.476212 1.269940 0.785558 
6.548323 1.332433 0.788300 
6.623633 1.404790 0.791514 
6.623633 1.404790 0.791514 
6.623633 1.404790 0.791514 
6.695889 1.478390 0.793852 
6.695889 1.478390 0.793852 
6.769087 1.550098 0.795738 
6.769087 1.550098 0.795738 
6.837357 1.624933 0.797577 
6.837357 1.624933 0.797577 
6.911912 1.694343 0.800220 
6.981770 1.767317 0.801284 
6.981770 1.767317 0.801284 
6.981770 1.767317 0.801284 
6.981770 1.767317 0.801284 
7.055844 1.839600 0.802068 
7.055844 1.839600 0.802068 
7.127793 1.912043 0.803399 
7.194508 1.983985 0.804002 
7.194508 1.983985 0.804002 
7.265623 2.056152 0.806994 
7.265623 2.056152 0.806994 
7.336594 2.129041 0.806727 
7.336594 2.129041 0.806727 
7.402621 2.198089 0.808332 
7.466328 2.266569 0.808706 
7.534154 2.336771 0.808889 
7.534154 2.336771 0.808889 
7.534154 2.336771 0.808889 
7.534154 2.336771 0.808889 
7.534154 2.336771 0.808889 
7.609026 2.408893 0.811422 
7.682235 2.478828 0.811914 
7.682235 2.478828 0.811914 
7.751623 2.548183 0.812231 
7.751623 2.548183 0.812231 
7.817920 2.617178 0.813295 
7.817920 2.617178 0.813295 
7.817920 2.617178 0.813295 
7.878648 2.687504 0.812519 
7.947538 2.760906 0.814728 
7.947538 2.760906 0.814728 
8.020959 2.832298 0.814132 
8.083831 2.906462 0.815343 
8.083831 2.906462 0.815343 
8.083831 2.906462 0.815343 
8.158491 2.979443 0.815316 
8.231235 3.053460 0.815496 
8.297955 3.123055 0.816424 
8.297955 3.123055 0.816424 
8.369247 3.195158 0.815965 
8.369247 3.195158 0.815965 
8.369247 3.195158 0.815965 
8.369247 3.195158 0.815965 
8.443457 3.271367 0.817698 
8.443457 3.271367 0.817698 
8.443457 3.271367 0.817698 
8.517056 3.343082 0.816838 
8.586710 3.415644 0.817676 
8.586710 3.415644 0.817676 
8.657115 3.492175 0.817218 
8.729504 3.572287 0.819378 
8.729504 3.572287 0.819378 
8.729504 3.572287 0.819378 
8.799205 3.649682 0.817881 
8.799205 3.649682 0.817881 
8.873354 3.725917 0.819104 
8.873354 3.725917 0.819104 
8.949691 3.801614 0.819619 
8.949691 3.801614 0.819619 
9.019392 3.879058 0.819443 
9.019392 3.879058 0.819443 
9.094467 3.954752 0.820406 
9.094467 3.954752 0.820406 
9.163025 4.030043 0.821169 
9.163025 4.030043 0.821169 
9.232692 4.105529 0.821396 
9.296590 4.178515 0.821041 
9.296590 4.178515 0.821041 
9.296590 4.178515 0.821041 
9.369214 4.260936 0.821589 
9.369214 4.260936 0.821589 
9.445348 4.333742 0.822498 
9.445348 4.333742 0.822498 
9.519556 4.411557 0.822762 
9.519556 4.411557 0.822762 
9.592292 4.483049 0.823253 
9.592292 4.483049 0.823253 
9.663623 4.559866 0.823397 
9.663623 4.559866 0.823397 
9.733731 4.634462 0.823916 
9.733731 4.634462 0.823916 
9.733731 4.634462 0.823916 
9.807322 4.710375 0.825065 
9.807322 4.710375 0.825065 
9.876952 4.785830 0.824351 
9.945523 4.858437 0.825136 
9.945523 4.858437 0.825136 
10.009083 4.934292 0.825535 
10.009083 4.934292 0.825535 
10.075653 5.006489 0.825234 
10.141292 5.081552 0.826175 
10.210494 5.157194 0.826605 
10.210494 5.157194 0.826605 
10.210494 5.157194 0.826605 
10.210494 5.157194 0.826605 
10.285261 5.229559 0.826685 
10.285261 5.229559 0.826685 
10.285261 5.229559 0.826685 
10.434617 5.375037 0.826608 
10.434617 5.375037 0.826608 
10.434617 5.375037 0.826608 
10.506359 5.452647 0.827224 
10.506359 5.452647 0.827224 
10.577717 5.526165 0.827548 
10.577717 5.526165 0.827548 
10.644653 5.600470 0.828268 
10.644653 5.600470 0.828268 
10.644653 5.600470 0.828268 
10.709736 5.677216 0.828243 
10.781380 5.751680 0.828095 
10.852235 5.831380 0.829436 
10.852235 5.831380 0.829436 
10.852235 5.831380 0.829436 
10.921931 5.908618 0.829336 
10.921931 5.908618 0.829336 
10.989713 5.983454 0.830214 
10.989713 5.983454 0.830214 
10.989713 5.983454 0.830214 
11.056322 6.057619 0.830124 
11.128461 6.130910 0.830555 
11.128461 6.130910 0.830555 
11.128461 6.130910 0.830555 
11.202986 6.210788 0.830741 
11.274147 6.288327 0.831307 
11.274147 6.288327 0.831307 
11.345208 6.363148 0.830755 
11.345208 6.363148 0.830755 
11.423770 6.447865 0.831840 
11.423770 6.447865 0.831840 
11.423770 6.447865 0.831840 
11.499516 6.531119 0.833032 
11.575764 6.611738 0.832959 
11.575764 6.611738 0.832959 
11.647827 6.691392 0.832967 
11.647827 6.691392 0.832967 
11.724400 6.771016 0.832748 
11.724400 6.771016 0.832748 
11.794642 6.852921 0.834598 
11.794642 6.852921 0.834598 
11.867656 6.930799 0.835800 
11.867656 6.930799 0.835800 
11.935310 7.005981 0.835941 
12.006204 7.081021 0.835883 
12.075928 7.156908 0.835572 
12.075928 7.156908 0.835572 
12.075928 7.156908 0.835572 
12.075928 7.156908 0.835572 
12.153277 7.234627 0.836741 
12.153277 7.234627 0.836741 
12.223492 7.312838 0.837293 
12.223492 7.312838 0.837293 
12.297225 7.391530 0.837418 
12.297225 7.391530 0.837418 
12.297225 7.391530 0.837418 
12.365587 7.468022 0.838364 
12.365587 7.468022 0.838364 
12.435057 7.539740 0.837708 
12.503110 7.616942 0.837908 
12.571177 7.693108 0.839106 
12.571177 7.693108 0.839106 
12.571177 7.693108 0.839106 
12.639454 7.772719 0.839674 
12.639454 7.772719 0.839674 
12.709605 7.848699 0.839700 
12.776921 7.921470 0.840132 
12.842271 7.997568 0.840542 
12.842271 7.997568 0.840542 
12.914620 8.071515 0.840780 
12.914620 8.071515 0.840780 
12.914620 8.071515 0.840780 
12.914620 8.071515 0.840780 
12.914620 8.071515 0.840780 
12.989271 8.150127 0.840489 
12.989271 8.150127 0.840489 
13.057346 8.222977 0.840831 
13.127844 8.299598 0.840739 
13.127844 8.299598 0.840739 
13.127844 8.299598 0.840739 
13.197114 8.372793 0.840414 
13.268811 8.451433 0.841792 
13.268811 8.451433 0.841792 
13.334578 8.533163 0.841474 
13.334578 8.533163 0.841474 
13.409227 8.607665 0.842269 
13.409227 8.607665 0.842269 
13.409227 8.607665 0.842269 
13.473293 8.691242 0.842076 
13.473293 8.691242 0.842076 
13.544582 8.767085 0.842416 
13.618827 8.844754 0.842385 
13.618827 8.844754 0.842385 
13.687159 8.921085 0.843255 
13.687159 8.921085 0.843255 
13.687159 8.921085 0.843255 
13.760979 8.992843 0.843062 
13.822756 9.069165 0.843394 
13.822756 9.069165 0.843394 
13.895753 9.143978 0.843055 
13.895753 9.143978 0.843055 
13.967831 9.224265 0.844182 
13.967831 9.224265 0.844182 
14.038975 9.304616 0.843911 
14.038975 9.304616 0.843911 
14.111183 9.383929 0.844022 
14.111183 9.383929 0.844022 
14.180312 9.462715 0.845501 
14.180312 9.462715 0.845501 
14.253969 9.537093 0.845586 
14.253969 9.537093 0.845586 
14.321870 9.616049 0.845034 
14.321870 9.616049 0.845034 
14.393554 9.696401 0.845453 
14.393554 9.696401 0.845453 
14.393554 9.696401 0.845453 
14.463422 9.775138 0.845153 
14.531729 9.852588 0.846943 
14.531729 9.852588 0.846943 
14.607835 9.928251 0.847036 
14.675175 10.007469 0.847024 
14.747472 10.087634 0.846980 
14.747472 10.087634 0.846980 
14.747472 10.087634 0.846980 
14.822929 10.171352 0.846612 
14.822929 10.171352 0.846612 
14.892299 10.253523 0.848043 
14.892299 10.253523 0.848043 
14.892299 10.253523 0.848043 
14.967796 10.333238 0.848522 
14.967796 10.333238 0.848522 
14.967796 10.333238 0.848522 
15.042485 10.415210 0.849153 
15.114888 10.496195 0.849438 
15.187450 10.577702 0.849777 
15.187450 10.577702 0.849777 
15.262429 10.657576 0.850429 
15.262429 10.657576 0.850429 
15.262429 10.657576 0.850429 
15.262429 10.657576 0.850429 
15.334694 10.738279 0.851008 
15.334694 10.738279 0.851008 
15.405204 10.818738 0.851022 
15.478274 10.898528 0.851402 
15.478274 10.898528 0.851402 
15.547454 10.982381 0.852804 
15.621792 11.067009 0.852203 
15.621792 11.067009 0.852203 
15.621792 11.067009 0.852203 
15.693887 11.154741 0.852128 
15.693887 11.154741 0.852128 
15.773167 11.240356 0.853791 
15.773167 11.240356 0.853791 
15.847119 11.320885 0.852555 
15.847119 11.320885 0.852555 
15.921277 11.403767 0.853947 
15.921277 11.403767 0.853947 
15.999333 11.492644 0.853900 
15.999333 11.492644 0.853900 
15.999333 11.492644 0.853900 
16.078994 11.582763 0.854641 
16.155229 11.667300 0.855074 
16.155229 11.667300 0.855074 
16.229054 11.751439 0.856500 
16.229054 11.751439 0.856500 
16.307405 11.838188 0.857863 
16.307405 11.838188 0.857863 
16.377714 11.920619 0.856941 
16.377714 11.920619 0.856941 
16.449641 12.004011 0.857668 
16.449641 12.004011 0.857668 
16.449641 12.004011 0.857668 
16.523366 12.084877 0.856571 
16.593705 12.170800 0.858352 
16.669785 12.253191 0.858371 
16.669785 12.253191 0.858371 
16.669785 12.253191 0.858371 
16.744809 12.344825 0.858546 
16.744809 12.344825 0.858546 
16.824377 12.423738 0.859415 
16.824377 12.423738 0.859415 
16.824377 12.423738 0.859415 
16.893659 12.508414 0.859921 
16.970136 12.590317 0.860299 
16.970136 12.590317 0.860299 
17.039534 12.672503 0.860276 
17.106887 12.751309 0.860937 
17.106887 12.751309 0.860937 
17.183524 12.831559 0.860231 
17.183524 12.831559 0.860231 
17.183524 12.831559 0.860231 
17.183524 12.831559 0.860231 
17.253807 12.917767 0.861883 
17.253807 12.917767 0.861883 
17.402159 13.083530 0.862222 
17.402159 13.083530 0.862222 
17.473923 13.166167 0.862706 
17.473923 13.166167 0.862706 
17.473923 13.166167 0.862706 
17.542454 13.246563 0.861987 
17.542454 13.246563 0.861987 
17.542454 13.246563 0.861987 
17.613981 13.329150 0.863169 
17.686743 13.409280 0.863399 
17.686743 13.409280 0.863399 
17.756924 13.491157 0.863161 
17.756924 13.491157 0.863161 
17.828921 13.570111 0.863873 
17.828921 13.570111 0.863873 
17.898283 13.653170 0.864501 
17.969603 13.735319 0.864489 
17.969603 13.735319 0.864489 
17.969603 13.735319 0.864489 
17.969603 13.735319 0.864489 
18.041741 13.814271 0.864378 
18.110456 13.897169 0.864774 
18.110456 13.897169 0.864774 
18.186387 13.980157 0.864412 
18.186387 13.980157 0.864412 
18.252418 14.063159 0.865468 
18.252418 14.063159 0.865468 
18.329890 14.146110 0.865968 
18.329890 14.146110 0.865968 
18.329890 14.146110 0.865968 
18.393556 14.222707 0.866128 
18.460325 14.301633 0.865967 
18.460325 14.301633 0.865967 
18.460325 14.301633 0.865967 
18.530698 14.377994 0.865337 
18.600716 14.458346 0.866293 
18.600716 14.458346 0.866293 
18.673361 14.535749 0.866206 
18.739719 14.615811 0.866541 
18.739719 14.615811 0.866541 
18.739719 14.615811 0.866541 
18.739719 14.615811 0.866541 
18.811222 14.698174 0.867068 
18.879571 14.781320 0.866735 
18.949730 14.862685 0.867015 
19.022601 14.943937 0.867198 
19.022601 14.943937 0.867198 
19.022601 14.943937 0.867198 
19.022601 14.943937 0.867198 
19.090843 15.028159 0.867910 
19.090843 15.028159 0.867910 
19.157793 15.104681 0.868260 
19.157793 15.104681 0.868260 
19.223348 15.182051 0.868130 
19.292887 15.260852 0.868463 
19.292887 15.260852 0.868463 
19.292887 15.260852 0.868463 
19.292887 15.260852 0.868463 
19.361995 15.342470 0.868363 
19.361995 15.342470 0.868363 
19.431638 15.421853 0.868743 
19.431638 15.421853 0.868743 
19.569025 15.576348 0.869235 
19.641950 15.655414 0.869146 
19.641950 15.655414 0.869146 
19.641950 15.655414 0.869146 
19.641950 15.655414 0.869146 
19.641950 15.655414 0.869146 
19.715568 15.742058 0.869622 
19.785507 15.828800 0.869783 
19.785507 15.828800 0.869783 
19.785507 15.828800 0.869783 
19.856390 15.908304 0.869213 
19.856390 15.908304 0.869213 
19.924028 15.993494 0.871188 
19.999202 16.077993 0.870626 
20.063417 16.165516 0.871375 
20.063417 16.165516 0.871375 
20.063417 16.165516 0.871375 
20.138558 16.245557 0.872281 
20.138558 16.245557 0.872281 
20.138558 16.245557 0.872281 
20.211240 16.325962 0.872277 
20.211240 16.325962 0.872277 
20.283587 16.408954 0.873202 
20.357316 16.492568 0.873547 
20.357316 16.492568 0.873547 
20.357316 16.492568 0.873547 
20.429211 16.577131 0.873550 
20.429211 16.577131 0.873550 
20.503095 16.659993 0.873746 
20.570972 16.745532 0.874956 
20.570972 16.745532 0.874956 
20.570972 16.745532 0.874956 
20.642579 16.831428 0.875059 
20.711165 16.916730 0.874754 
20.784400 17.001798 0.875520 
20.855770 17.083801 0.875915 
20.855770 17.083801 0.875915 
20.855770 17.083801 0.875915 
20.855770 17.083801 0.875915 
20.855770 17.083801 0.875915 
20.924359 17.174181 0.877141 
20.924359 17.174181 0.877141 
20.998485 17.255922 0.876275 
21.072587 17.340540 0.877195 
21.072587 17.340540 0.877195 
21.147287 17.424426 0.877020 
21.147287 17.424426 0.877020 
21.219686 17.507004 0.877088 
21.219686 17.507004 0.877088 
21.219686 17.507004 0.877088 
21.291176 17.589362 0.877931 
21.291176 17.589362 0.877931 
21.365500 17.675078 0.878739 
21.437717 17.760059 0.879175 
21.437717 17.760059 0.879175 
21.437717 17.760059 0.879175 
21.511229 17.847777 0.879315 
21.511229 17.847777 0.879315 
21.653729 18.019689 0.879935 
21.719591 18.106360 0.880613 
21.719591 18.106360 0.880613 
21.789745 18.191526 0.880966 
21.789745 18.191526 0.880966 
21.789745 18.191526 0.880966 
21.789745 18.191526 0.880966 
21.862066 18.275552 0.880127 
21.862066 18.275552 0.880127 
21.937255 18.357646 0.881831 
21.937255 18.357646 0.881831 
22.009098 18.442424 0.881990 
22.009098 18.442424 0.881990 
22.081898 18.528336 0.883054 
22.081898 18.528336 0.883054 
22.081898 18.528336 0.883054 
22.154210 18.610331 0.882516 
22.223091 18.694386 0.884347 
22.223091 18.694386 0.884347 
22.223091 18.694386 0.884347 
22.295875 18.774925 0.883889 
22.295875 18.774925 0.883889 
22.363021 18.859637 0.884232 
22.363021 18.859637 0.884232 
22.430764 18.946856 0.883940 
22.496925 19.026675 0.884752 
22.496925 19.026675 0.884752 
22.556515 19.105754 0.885283 
22.556515 19.105754 0.885283 
22.623557 19.183494 0.884445 
22.623557 19.183494 0.884445 
22.695530 19.267774 0.884614 
22.695530 19.267774 0.884614 
22.765096 19.349455 0.885208 
22.765096 19.349455 0.885208 
22.765096 19.349455 0.885208 
22.834581 19.428977 0.885133 
22.904990 19.508574 0.885798 
22.904990 19.508574 0.885798 
22.904990 19.508574 0.885798 
22.976870 19.590728 0.886547 
22.976870 19.590728 0.886547 
23.041131 19.672598 0.887434 
23.105752 19.749334 0.887600 
23.105752 19.749334 0.887600 
23.171333 19.829187 0.886413 
23.171333 19.829187 0.886413 
23.237728 19.912006 0.887668 
23.237728 19.912006 0.887668 
23.304614 19.991000 0.888651 
23.304614 19.991000 0.888651 
23.363315 20.066146 0.888986 
23.428582 20.140005 0.888195 
23.494259 20.217174 0.888101 
23.494259 20.217174 0.888101 
23.494259 20.217174 0.888101 
23.494259 20.217174 0.888101 
23.564170 20.297826 0.888969 
23.564170 20.297826 0.888969 
23.630908 20.381196 0.888332 
23.630908 20.381196 0.888332 
23.693704 20.461816 0.889134 
23.693704 20.461816 0.889134 
23.761985 20.540734 0.890627 
23.824314 20.611172 0.889831 
23.824314 20.611172 0.889831 
23.824314 20.611172 0.889831 
23.824314 20.611172 0.889831 
23.890971 20.690888 0.890091 
23.960356 20.774698 0.889935 
23.960356 20.774698 0.889935 
24.029360 20.864982 0.890046 
24.098098 20.951677 0.891638 
24.098098 20.951677 0.891638 
24.098098 20.951677 0.891638 
24.166972 21.036373 0.892018 
24.166972 21.036373 0.892018 
24.238375 21.116469 0.893028 
24.238375 21.116469 0.893028 
24.308582 21.198322 0.892297 
24.308582 21.198322 0.892297 
24.373776 21.282327 0.892812 
24.373776 21.282327 0.892812 
24.445885 21.366002 0.892834 
24.445885 21.366002 0.892834 
24.513042 21.447398 0.893645 
24.513042 21.447398 0.893645 
24.584917 21.532888 0.892887 
24.584917 21.532888 0.892887 
24.647849 21.617806 0.893842 
24.647849 21.617806 0.893842 
24.647849 21.617806 0.893842 
24.717561 21.701580 0.894446 
24.783084 21.784579 0.894018 
24.783084 21.784579 0.894018 
24.783084 21.784579 0.894018 
24.849544 21.867788 0.903054 
24.918361 21.952356 0.918354 
24.918361 21.952356 0.918354 
24.983969 22.036220 0.939861 
24.983969 22.036220 0.939861 
24.983969 22.036220 0.939861 
25.048921 22.119930 0.969742 
25.048921 22.119930 0.969742 
25.164421 22.292548 1.033407 
25.164421 22.292548 1.033407 
25.218167 22.387340 1.065739 
25.218167 22.387340 1.065739 
25.218167 22.387340 1.065739 
25.268340 22.484811 1.097962 
25.268340 22.484811 1.097962 
25.308078 22.585483 1.128801 
25.308078 22.585483 1.128801 
25.346799 22.681195 1.158461 
25.346799 22.681195 1.158461 
25.390394 22.778926 1.187637 
25.390394 22.778926 1.187637 
25.429944 22.878175 1.217255 
25.429944 22.878175 1.217255 
25.470641 22.979188 1.241907 
25.470641 22.979188 1.241907 
25.502007 23.087021 1.268247 
25.502007 23.087021 1.268247 
25.532891 23.190203 1.301619 
25.532891 23.190203 1.301619 
25.561238 23.294424 1.330999 
25.585877 23.397377 1.359137 
25.609127 23.500387 1.388961 
25.609127 23.500387 1.388961 
25.628071 23.611412 1.414424 
25.628071 23.611412 1.414424 
25.647958 23.716169 1.441738 
25.647958 23.716169 1.441738 
25.647958 23.716169 1.441738 
25.647958 23.716169 1.441738 
25.677563 23.826162 1.470723 
25.677563 23.826162 1.470723 
25.688541 23.936248 1.501759 
25.688541 23.936248 1.501759 
25.694227 24.055796 1.529317 
25.694227 24.055796 1.529317 
25.697163 24.182227 1.553210 
25.697163 24.182227 1.553210 
25.697601 24.296229 1.575429 
25.697601 24.296229 1.575429 
25.677315 24.414286 1.604039 
25.677315 24.414286 1.604039 
25.677315 24.414286 1.604039 
25.669468 24.532505 1.629601 
25.669644 24.652891 1.655659 
25.669644 24.652891 1.655659 
25.664918 24.772583 1.681728 
25.664918 24.772583 1.681728 
25.658942 24.886021 1.707644 
25.658942 24.886021 1.707644 
25.641448 25.008705 1.733052 
25.641448 25.008705 1.733052 
25.609357 25.121625 1.758606 
25.597478 25.228764 1.784756 
25.597478 25.228764 1.784756 
25.597478 25.228764 1.784756 
25.597478 25.228764 1.784756 
25.567345 25.345024 1.815840 
25.567345 25.345024 1.815840 
25.503388 25.574490 1.868235 
25.503388 25.574490 1.868235 
25.503388 25.574490 1.868235 
25.473425 25.690136 1.891681 
25.473425 25.690136 1.891681 
25.435695 25.804088 1.920486 
25.435695 25.804088 1.920486 
25.435695 25.804088 1.920486 
25.391087 25.911778 1.956975 
25.346222 26.022970 1.987747 
25.346222 26.022970 1.987747 
25.346222 26.022970 1.987747 
25.295417 26.134185 2.022023 
25.295417 26.134185 2.022023 
25.247392 26.255825 2.046079 
25.247392 26.255825 2.046079 
25.124000 26.456929 2.093877 
25.067057 26.561334 2.105385 
25.067057 26.561334 2.105385 
25.067057 26.561334 2.105385 
25.067057 26.561334 2.105385 
25.004125 26.660061 2.116774 
25.004125 26.660061 2.116774 
24.935946 26.758811 2.126909 
24.874179 26.863303 2.133236 
24.874179 26.863303 2.133236 
24.874179 26.863303 2.133236 
24.816144 26.968999 2.139485 
24.751204 27.062418 2.143143 
24.693509 27.162758 2.147018 
24.693509 27.162758 2.147018 
24.693509 27.162758 2.147018 
24.693509 27.162758 2.147018 
24.693509 27.162758 2.147018 
24.626324 27.256098 2.149662 
24.626324 27.256098 2.149662 
24.553166 27.343693 2.153962 
24.479735 27.433100 2.155214 
24.479735 27.433100 2.155214 
24.415348 27.531681 2.157788 
24.415348 27.531681 2.157788 
24.350052 27.633645 2.159567 
24.350052 27.633645 2.159567 
24.281477 27.729913 2.162998 
24.281477 27.729913 2.162998 
24.281477 27.729913 2.162998 
24.217965 27.832470 2.163308 
24.148992 27.935472 2.165273 
24.148992 27.935472 2.165273 
24.088635 28.037251 2.166743 
24.088635 28.037251 2.166743 
24.022386 28.135168 2.167873 
24.022386 28.135168 2.167873 
24.022386 28.135168 2.167873 
23.952968 28.232112 2.168160 
23.887023 28.324481 2.168604 
23.887023 28.324481 2.168604 
23.819502 28.429686 2.169170 
23.819502 28.429686 2.169170 
23.753615 28.524863 2.170343 
23.753615 28.524863 2.170343 
23.690635 28.624657 2.171219 
23.690635 28.624657 2.171219 
23.625743 28.717395 2.171472 
23.625743 28.717395 2.171472 
23.558687 28.813209 2.172565 
23.558687 28.813209 2.172565 
23.497626 28.912701 2.172803 
23.497626 28.912701 2.172803 
23.429470 29.007717 2.173727 
23.366271 29.110349 2.172536 
23.366271 29.110349 2.172536 
23.366271 29.110349 2.172536 
23.300716 29.212287 2.175124 
23.300716 29.212287 2.175124 
23.237931 29.313008 2.174015 
23.165003 29.408672 2.173861 
23.165003 29.408672 2.173861 
23.165003 29.408672 2.173861 
23.093693 29.508420 2.174149 
23.093693 29.508420 2.174149 
23.028200 29.610839 2.175227 
23.028200 29.610839 2.175227 
22.955346 29.702938 2.174536 
22.889119 29.795486 2.176784 
22.889119 29.795486 2.176784 
22.889119 29.795486 2.176784 
22.829646 29.894312 2.177806 
22.767051 29.987927 2.178184 
22.698807 30.087616 2.177426 
22.698807 30.087616 2.177426 
22.635970 30.189932 2.178296 
22.635970 30.189932 2.178296 
22.568535 30.284288 2.182516 
22.568535 30.284288 2.182516 
22.568535 30.284288 2.182516 
22.568535 30.284288 2.182516 
22.500364 30.378788 2.190269 
22.500364 30.378788 2.190269 
22.430868 30.474772 2.192821 
22.430868 30.474772 2.192821 
22.362719 30.574847 2.200223 
22.362719 30.574847 2.200223 
22.293825 30.671679 2.205666 
22.293825 30.671679 2.205666 
22.228284 30.772829 2.212377 
22.228284 30.772829 2.212377 
22.157857 30.864249 2.223542 
22.157857 30.864249 2.223542 
22.083820 30.957023 2.237200 
22.083820 30.957023 2.237200 
22.010280 31.050194 2.247255 
22.010280 31.050194 2.247255 
21.936346 31.144770 2.251976 
21.936346 31.144770 2.251976 
21.867509 31.232890 2.257415 
21.867509 31.232890 2.257415 
21.786676 31.315765 2.264433 
21.786676 31.315765 2.264433 
21.714247 31.402931 2.269733 
21.714247 31.402931 2.269733 
21.643293 31.496505 2.280775 
21.643293 31.496505 2.280775 
21.569192 31.590876 2.287351 
21.569192 31.590876 2.287351 
21.489554 31.675302 2.296475 
21.489554 31.675302 2.296475 
21.427045 31.773126 2.305045 
21.427045 31.773126 2.305045 
21.356960 31.860763 2.314452 
21.356960 31.860763 2.314452 
21.278195 31.948368 2.325857 
21.278195 31.948368 2.325857 
21.196952 32.030734 2.334993 
21.196952 32.030734 2.334993 
21.117088 32.112321 2.340636 
21.041570 32.192437 2.346225 
21.041570 32.192437 2.346225 
21.041570 32.192437 2.346225 
20.955142 32.270819 2.352319 
20.955142 32.270819 2.352319 
20.876890 32.346355 2.356840 
20.876890 32.346355 2.356840 
20.792303 32.418352 2.360849 
20.792303 32.418352 2.360849 
20.712557 32.496035 2.364181 
20.626690 32.572261 2.368206 
20.547759 32.652308 2.369630 
20.547759 32.652308 2.369630 
20.547759 32.652308 2.369630 
20.547759 32.652308 2.369630 
20.472022 32.729704 2.370909 
20.394796 32.804702 2.373597 
20.394796 32.804702 2.373597 
20.394796 32.804702 2.373597 
20.313954 32.884674 2.374631 
20.313954 32.884674 2.374631 
20.238955 32.965254 2.375144 
20.155819 33.040542 2.377438 
20.069805 33.117432 2.377937 
20.069805 33.117432 2.377937 
20.069805 33.117432 2.377937 
20.069805 33.117432 2.377937 
19.984832 33.189833 2.378786 
19.984832 33.189833 2.378786 
19.899770 33.268217 2.380635 
19.899770 33.268217 2.380635 
19.820471 33.347311 2.380604 
19.820471 33.347311 2.380604 
19.741224 33.426353 2.381322 
19.741224 33.426353 2.381322 
19.655481 33.510342 2.382089 
19.655481 33.510342 2.382089 
19.575303 33.589614 2.384698 
19.575303 33.589614 2.384698 
19.502106 33.661992 2.384682 
19.502106 33.661992 2.384682 
19.427349 33.739938 2.384056 
19.427349 33.739938 2.384056 
19.337448 33.831921 2.384146 
19.337448 33.831921 2.384146 
19.239978 33.914837 2.385662 
19.239978 33.914837 2.385662 
19.155032 34.000732 2.386814 
19.155032 34.000732 2.386814 
19.070539 34.082162 2.387115 
18.985545 34.165089 2.385201 
18.900648 34.246887 2.386797 
18.900648 34.246887 2.386797 
18.900648 34.246887 2.386797 
18.900648 34.246887 2.386797 
18.814758 34.341603 2.387745 
18.814758 34.341603 2.387745 
18.725870 34.431218 2.387016 
18.725870 34.431218 2.387016 
18.641057 34.517190 2.388905 
18.641057 34.517190 2.388905 
18.552980 34.584282 2.390186 
18.552980 34.584282 2.390186 
18.475868 34.659049 2.390033 
18.475868 34.659049 2.390033 
18.392980 34.742996 2.388246 
18.392980 34.742996 2.388246 
18.303404 34.825199 2.388454 
18.303404 34.825199 2.388454 
18.217304 34.910367 2.388592 
18.217304 34.910367 2.388592 
18.130827 34.996130 2.389317 
18.130827 34.996130 2.389317 
18.039993 35.090137 2.388103 
17.945531 35.176017 2.388622 
17.848067 35.256913 2.389432 
17.848067 35.256913 2.389432 
17.754682 35.339367 2.389400 
17.754682 35.339367 2.389400 
17.754682 35.339367 2.389400 
17.754682 35.339367 2.389400 
17.662446 35.438436 2.391113 
17.572779 35.517973 2.392099 
17.572779 35.517973 2.392099 
17.572779 35.517973 2.392099 
17.484823 35.596267 2.392544 
17.484823 35.596267 2.392544 
17.394596 35.675471 2.392692 
17.394596 35.675471 2.392692 
17.297250 35.758867 2.393090 
17.297250 35.758867 2.393090 
17.204346 35.840317 2.393192 
17.204346 35.840317 2.393192 
17.119011 35.930475 2.393300 
17.119011 35.930475 2.393300 
17.032826 36.020237 2.394044 
17.032826 36.020237 2.394044 
16.941991 36.106657 2.394616 
16.941991 36.106657 2.394616 
16.856251 36.194661 2.395012 
16.856251 36.194661 2.395012 
16.765807 36.280793 2.394344 
16.765807 36.280793 2.394344 
16.673435 36.374711 2.395069 
16.576236 36.466169 2.396569 
16.576236 36.466169 2.396569 
16.576236 36.466169 2.396569 
16.478457 36.557988 2.397547 
16.478457 36.557988 2.397547 
16.478457 36.557988 2.397547 
16.387541 36.650199 2.396965 
16.292921 36.740469 2.397790 
16.292921 36.740469 2.397790 
16.193976 36.826039 2.398464 
16.193976 36.826039 2.398464 
16.104442 36.913998 2.398794 
16.104442 36.913998 2.398794 
16.016076 37.005462 2.398574 
16.016076 37.005462 2.398574 
15.920908 37.087296 2.398754 
15.920908 37.087296 2.398754 
15.826690 37.177092 2.399526 
15.826690 37.177092 2.399526 
15.730480 37.262640 2.399219 
15.730480 37.262640 2.399219 
15.636243 37.351457 2.399383 
15.538084 37.435850 2.399798 
15.441504 37.517863 2.401111 
15.441504 37.517863 2.401111 
15.441504 37.517863 2.401111 
15.441504 37.517863 2.401111 
15.342899 37.601278 2.400915 
15.342899 37.601278 2.400915 
15.250938 37.689601 2.401522 
15.250938 37.689601 2.401522 
15.152425 37.771055 2.401557 
15.152425 37.771055 2.401557 
15.152425 37.771055 2.401557 
15.059725 37.854707 2.403283 
14.966016 37.937872 2.403073 
14.966016 37.937872 2.403073 
14.870600 38.024509 2.403154 
14.783179 38.116154 2.405073 
14.783179 38.116154 2.405073 
14.697842 38.209616 2.406664 
14.697842 38.209616 2.406664 
14.697842 38.209616 2.406664 
14.601058 38.294065 2.404723 
14.601058 38.294065 2.404723 
14.512878 38.390105 2.404719 
14.512878 38.390105 2.404719 
14.426264 38.483075 2.406100 
14.426264 38.483075 2.406100 
14.336716 38.571230 2.407305 
14.336716 38.571230 2.407305 
14.241995 38.650463 2.406874 
14.241995 38.650463 2.406874 
14.140283 38.738707 2.407154 
14.140283 38.738707 2.407154 
14.039709 38.821930 2.407056 
14.039709 38.821930 2.407056 
13.942129 38.906287 2.408987 
13.942129 38.906287 2.408987 
13.848915 38.988274 2.409184 
13.848915 38.988274 2.409184 
13.752307 39.073289 2.408362 
13.752307 39.073289 2.408362 
13.654897 39.157824 2.409435 
13.654897 39.157824 2.409435 
13.563103 39.244894 2.411071 
13.563103 39.244894 2.411071 
13.474501 39.331766 2.409731 
13.474501 39.331766 2.409731 
13.382557 39.419057 2.410290 
13.382557 39.419057 2.410290 
13.291617 39.506710 2.411223 
13.291617 39.506710 2.411223 
13.199746 39.593695 2.411729 
13.111996 39.683167 2.411938 
13.016164 39.765383 2.411718 
13.016164 39.765383 2.411718 
13.016164 39.765383 2.411718 
13.016164 39.765383 2.411718 
12.921915 39.855581 2.413454 
12.921915 39.855581 2.413454 
12.829762 39.944987 2.413429 
12.829762 39.944987 2.413429 
12.734676 40.027133 2.413439 
12.734676 40.027133 2.413439 
12.637097 40.113777 2.413742 
12.637097 40.113777 2.413742 
12.541188 40.198213 2.415809 
12.541188 40.198213 2.415809 
12.444801 40.285519 2.414947 
12.444801 40.285519 2.414947 
12.350382 40.371163 2.414785 
12.350382 40.371163 2.414785 
12.256499 40.462822 2.415395 
12.256499 40.462822 2.415395 
12.162729 40.549498 2.415691 
12.162729 40.549498 2.415691 
12.064536 40.632536 2.416815 
11.975729 40.720413 2.416054 
11.884334 40.807613 2.416970 
11.884334 40.807613 2.416970 
11.786840 40.890838 2.417865 
11.786840 40.890838 2.417865 
11.685428 40.970712 2.419573 
11.685428 40.970712 2.419573 
11.685428 40.970712 2.419573 
11.685428 40.970712 2.419573 
11.592575 41.049866 2.419010 
11.592575 41.049866 2.419010 
11.504947 41.138263 2.418801 
11.504947 41.138263 2.418801 
11.411043 41.217888 2.419322 
11.411043 41.217888 2.419322 
11.319720 41.304055 2.421483 
11.319720 41.304055 2.421483 
11.226101 41.386480 2.420743 
11.226101 41.386480 2.420743 
11.133582 41.472740 2.421138 
11.133582 41.472740 2.421138 
11.035716 41.550181 2.421476 
11.035716 41.550181 2.421476 
10.943768 41.637399 2.422350 
10.943768 41.637399 2.422350 
10.839695 41.716026 2.422304 
10.839695 41.716026 2.422304 
10.741436 41.796904 2.423520 
10.741436 41.796904 2.423520 
10.645291 41.878189 2.423564 
10.549848 41.962881 2.424819 
10.549848 41.962881 2.424819 
10.549848 41.962881 2.424819 
10.454779 42.059133 2.424741 
10.454779 42.059133 2.424741 
10.360242 42.145154 2.424207 
10.360242 42.145154 2.424207 
10.264702 42.226654 2.425772 
10.264702 42.226654 2.425772 
10.158055 42.319565 2.426299 
10.158055 42.319565 2.426299 
10.057999 42.413416 2.427323 
10.057999 42.413416 2.427323 
9.963407 42.502373 2.428943 
9.963407 42.502373 2.428943 
9.874591 42.584334 2.429723 
9.874591 42.584334 2.429723 
9.787504 42.669920 2.429349 
9.787504 42.669920 2.429349 
9.698433 42.762707 2.429154 
9.698433 42.762707 2.429154 
9.605922 42.850625 2.429376 
9.505715 42.928623 2.428864 
9.405431 43.005673 2.430988 
9.405431 43.005673 2.430988 
9.307443 43.077202 2.431019 
9.307443 43.077202 2.431019 
9.307443 43.077202 2.431019 
9.307443 43.077202 2.431019 
9.207736 43.163821 2.428833 
9.207736 43.163821 2.428833 
9.109465 43.247832 2.430112 
9.109465 43.247832 2.430112 
9.006861 43.335968 2.432343 
8.915269 43.427023 2.432346 
8.821112 43.513488 2.432608 
8.821112 43.513488 2.432608 
8.821112 43.513488 2.432608 
8.821112 43.513488 2.432608 
8.723162 43.596922 2.432595 
8.723162 43.596922 2.432595 
8.631394 43.684632 2.434384 
8.631394 43.684632 2.434384 
8.541494 43.770425 2.433192 
8.541494 43.770425 2.433192 
8.440981 43.854153 2.433895 
8.440981 43.854153 2.433895 
8.340221 43.934441 2.433448 
8.340221 43.934441 2.433448 
8.242782 44.016633 2.434792 
8.242782 44.016633 2.434792 
8.145815 44.103883 2.434160 
8.145815 44.103883 2.434160 
8.036971 44.192401 2.434940 
8.036971 44.192401 2.434940 
7.933112 44.281418 2.434160 
7.933112 44.281418 2.434160 
7.825312 44.374889 2.435004 
7.825312 44.374889 2.435004 
7.715291 44.458716 2.435441 
7.715291 44.458716 2.435441 
7.612158 44.549504 2.436954 
7.612158 44.549504 2.436954 
7.513141 44.640785 2.444901 
7.513141 44.640785 2.444901 
7.421898 44.730614 2.455325 
7.421898 44.730614 2.455325 
7.318035 44.817085 2.471823 
7.318035 44.817085 2.471823 
7.208371 44.898727 2.493912 
7.208371 44.898727 2.493912 
7.102714 44.983648 2.517649 
7.102714 44.983648 2.517649 
6.996788 45.060942 2.541483 
6.996788 45.060942 2.541483 
6.891254 45.140182 2.570979 
6.775281 45.204957 2.593313 
6.775281 45.204957 2.593313 
6.775281 45.204957 2.593313 
6.654747 45.273966 2.626506 
6.654747 45.273966 2.626506 
6.541131 45.341379 2.652941 
6.541131 45.341379 2.652941 
6.429142 45.408280 2.680272 
6.429142 45.408280 2.680272 
6.310274 45.472223 2.710601 
6.310274 45.472223 2.710601 
6.197133 45.527159 2.735686 
6.197133 45.527159 2.735686 
6.080352 45.588127 2.766556 
5.964445 45.649783 2.792727 
5.964445 45.649783 2.792727 
5.964445 45.649783 2.792727 
5.842345 45.719202 2.827922 
5.725140 45.763205 2.857410 
5.725140 45.763205 2.857410 
5.725140 45.763205 2.857410 
5.605021 45.806693 2.889511 
5.486036 45.847427 2.917057 
5.369583 45.881775 2.941562 
5.369583 45.881775 2.941562 
5.243121 45.920242 2.979659 
5.243121 45.920242 2.979659 
5.123855 45.949663 3.006748 
5.123855 45.949663 3.006748 
5.022270 45.990449 3.033108 
5.022270 45.990449 3.033108 
5.022270 45.990449 3.033108 
5.022270 45.990449 3.033108 
4.874606 45.998238 3.058034 
4.874606 45.998238 3.058034 
4.740695 45.992404 3.075640 
4.740695 45.992404 3.075640 
4.595622 46.005000 3.095549 
4.595622 46.005000 3.095549 
4.462385 46.023531 3.113064 
4.462385 46.023531 3.113064 
4.327750 46.021193 3.126533 
4.172705 46.018522 3.137509 
4.172705 46.018522 3.137509 
4.172705 46.018522 3.137509 
4.028517 46.017117 3.145225 
4.028517 46.017117 3.145225 
3.882495 46.010764 -3.132348 
3.882495 46.010764 -3.132348 
3.734510 45.996519 -3.120004 
3.734510 45.996519 -3.120004 
3.587956 45.995198 -3.108709 
3.587956 45.995198 -3.108709 
3.440753 45.986572 -3.094763 
3.440753 45.986572 -3.094763 
3.304310 45.973431 -3.080927 
3.304310 45.973431 -3.080927 
3.177039 45.939150 -3.059115 
3.177039 45.939150 -3.059115 
3.039769 45.909257 -3.035813 
3.039769 45.909257 -3.035813 
2.917943 45.876282 -3.009149 
2.917943 45.876282 -3.009149 
2.782777 45.844836 -2.980674 
2.782777 45.844836 -2.980674 
2.651211 45.811891 -2.959193 
2.507557 45.788552 -2.937344 
2.507557 45.788552 -2.937344 
2.507557 45.788552 -2.937344 
2.355157 45.770281 -2.915168 
2.355157 45.770281 -2.915168 
2.221840 45.721873 -2.885599 
2.221840 45.721873 -2.885599 
2.087514 45.682990 -2.859245 
2.087514 45.682990 -2.859245 
1.961400 45.624620 -2.834759 
1.823803 45.588446 -2.811665 
1.823803 45.588446 -2.811665 
1.823803 45.588446 -2.811665 
1.698391 45.531681 -2.794666 
1.698391 45.531681 -2.794666 
1.560390 45.483007 -2.774049 
1.560390 45.483007 -2.774049 
1.429952 45.429023 -2.752520 
1.429952 45.429023 -2.752520 
1.298007 45.370620 -2.737341 
1.163238 45.308142 -2.719090 
1.034317 45.242306 -2.705811 
1.034317 45.242306 -2.705811 
0.913297 45.180701 -2.689376 
0.913297 45.180701 -2.689376 
0.794507 45.122468 -2.660979 
0.794507 45.122468 -2.660979 
0.794507 45.122468 -2.660979 
0.794507 45.122468 -2.660979 
0.678349 45.052414 -2.628057 
0.678349 45.052414 -2.628057 
0.568103 44.971901 -2.608207 
0.568103 44.971901 -2.608207 
0.446533 44.901152 -2.586358 
0.446533 44.901152 -2.586358 
0.326023 44.829854 -2.571901 
0.326023 44.829854 -2.571901 
0.217018 44.750142 -2.562172 
0.217018 44.750142 -2.562172 
0.106529 44.671999 -2.552583 
0.106529 44.671999 -2.552583 
-0.002061 44.591000 -2.545590 
-0.002061 44.591000 -2.545590 
-0.120138 44.516547 -2.540084 
-0.120138 44.516547 -2.540084 
-0.236156 44.441616 -2.534416 
-0.236156 44.441616 -2.534416 
-0.236156 44.441616 -2.534416 
-0.350849 44.366847 -2.530361 
-0.464307 44.291500 -2.527342 
-0.464307 44.291500 -2.527342 
-0.579012 44.216306 -2.524375 
-0.692360 44.138160 -2.521361 
-0.692360 44.138160 -2.521361 
-0.692360 44.138160 -2.521361 
-0.814093 44.060653 -2.517682 
-0.814093 44.060653 -2.517682 
-0.814093 44.060653 -2.517682 
-0.926294 43.979123 -2.510366 
-1.040228 43.898459 -2.503326 
-1.040228 43.898459 -2.503326 
-1.144543 43.809654 -2.498185 
-1.144543 43.809654 -2.498185 
-1.253577 43.724179 -2.486963 
-1.253577 43.724179 -2.486963 
-1.361380 43.637379 -2.479691 
-1.361380 43.637379 -2.479691 
-1.361380 43.637379 -2.479691 
-1.463873 43.545368 -2.469199 
-1.567877 43.464300 -2.456416 
-1.567877 43.464300 -2.456416 
-1.669713 43.373822 -2.434619 
-1.669713 43.373822 -2.434619 
-1.766704 43.278633 -2.414964 
-1.766704 43.278633 -2.414964 
-1.870991 43.187813 -2.400016 
-1.976242 43.094458 -2.392334 
-1.976242 43.094458 -2.392334 
-1.976242 43.094458 -2.392334 
-2.077153 42.998906 -2.382997 
-2.077153 42.998906 -2.382997 
-2.188001 42.910061 -2.376118 
-2.188001 42.910061 -2.376118 
-2.292901 42.816531 -2.369985 
-2.292901 42.816531 -2.369985 
-2.388487 42.719537 -2.366355 
-2.489600 42.623512 -2.362998 
-2.581555 42.529635 -2.360123 
-2.581555 42.529635 -2.360123 
-2.581555 42.529635 -2.360123 
-2.581555 42.529635 -2.360123 
-2.677115 42.438382 -2.356651 
-2.677115 42.438382 -2.356651 
-2.777535 42.339000 -2.354751 
-2.777535 42.339000 -2.354751 
-2.876624 42.240807 -2.352031 
-2.876624 42.240807 -2.352031 
-2.970835 42.136605 -2.349568 
-2.970835 42.136605 -2.349568 
-3.069104 42.050854 -2.348355 
-3.069104 42.050854 -2.348355 
-3.161006 41.955039 -2.346089 
-3.161006 41.955039 -2.346089 
-3.249460 41.856705 -2.344813 
-3.340935 41.760256 -2.343715 
-3.340935 41.760256 -2.343715 
-3.340935 41.760256 -2.343715 
-3.441937 41.667913 -2.342673 
-3.441937 41.667913 -2.342673 
-3.531391 41.571343 -2.340851 
-3.531391 41.571343 -2.340851 
-3.624071 41.481092 -2.339638 
-3.624071 41.481092 -2.339638 
-3.712131 41.390752 -2.339789 
-3.712131 41.390752 -2.339789 
-3.805154 41.299111 -2.340737 
-3.805154 41.299111 -2.340737 
-3.893024 41.202553 -2.337629 
-3.893024 41.202553 -2.337629 
-3.983790 41.113390 -2.338495 
-3.983790 41.113390 -2.338495 
-4.074008 41.020298 -2.337366 
-4.074008 41.020298 -2.337366 
-4.161985 40.928235 -2.338365 
-4.161985 40.928235 -2.338365 
-4.253779 40.834427 -2.338117 
-4.253779 40.834427 -2.338117 
-4.343301 40.742354 -2.336999 
-4.429495 40.649623 -2.336791 
-4.518727 40.561246 -2.337499 
-4.518727 40.561246 -2.337499 
-4.518727 40.561246 -2.337499 
-4.518727 40.561246 -2.337499 
-4.610966 40.465568 -2.335500 
-4.610966 40.465568 -2.335500 
-4.705864 40.377741 -2.336210 
-4.705864 40.377741 -2.336210 
-4.797846 40.286975 -2.334177 
-4.797846 40.286975 -2.334177 
-4.887384 40.200700 -2.333489 
-4.887384 40.200700 -2.333489 
-4.975944 40.107341 -2.332177 
-4.975944 40.107341 -2.332177 
-5.063195 40.018260 -2.331133 
-5.063195 40.018260 -2.331133 
-5.147969 39.923125 -2.329820 
-5.240240 39.835668 -2.331069 
-5.240240 39.835668 -2.331069 
-5.240240 39.835668 -2.331069 
-5.331742 39.743486 -2.330491 
-5.331742 39.743486 -2.330491 
-5.421444 39.651348 -2.328952 
-5.506377 39.556717 -2.329486 
-5.506377 39.556717 -2.329486 
-5.506377 39.556717 -2.329486 
-5.592066 39.467673 -2.329904 
-5.679814 39.378356 -2.328866 
-5.679814 39.378356 -2.328866 
-5.679814 39.378356 -2.328866 
-5.774547 39.285995 -2.328621 
-5.774547 39.285995 -2.328621 
-5.860198 39.190508 -2.327985 
-5.860198 39.190508 -2.327985 
-5.951276 39.099118 -2.329214 
-5.951276 39.099118 -2.329214 
-6.037255 39.002805 -2.328252 
-6.037255 39.002805 -2.328252 
-6.124884 38.905490 -2.327908 
-6.124884 38.905490 -2.327908 
-6.209655 38.812674 -2.326367 
-6.209655 38.812674 -2.326367 
-6.295669 38.722444 -2.327575 
-6.295669 38.722444 -2.327575 
-6.386061 38.634099 -2.327704 
-6.386061 38.634099 -2.327704 
-6.473193 38.545879 -2.326612 
-6.473193 38.545879 -2.326612 
-6.560825 38.449731 -2.326931 
-6.644607 38.362026 -2.327486 
-6.729669 38.272737 -2.325200 
-6.729669 38.272737 -2.325200 
-6.729669 38.272737 -2.325200 
-6.729669 38.272737 -2.325200 
-6.817814 38.181703 -2.325362 
-6.817814 38.181703 -2.325362 
-6.902009 38.095366 -2.324174 
-6.902009 38.095366 -2.324174 
-6.990696 38.009983 -2.326832 
-6.990696 38.009983 -2.326832 
-7.076376 37.917222 -2.325763 
-7.076376 37.917222 -2.325763 
-7.166519 37.823827 -2.326041 
-7.166519 37.823827 -2.326041 
-7.257132 37.721568 -2.325361 
-7.257132 37.721568 -2.325361 
-7.344938 37.625590 -2.324489 
-7.344938 37.625590 -2.324489 
-7.431415 37.532189 -2.323261 
-7.431415 37.532189 -2.323261 
-7.515764 37.441011 -2.322276 
-7.515764 37.441011 -2.322276 
-7.606740 37.348817 -2.322807 
-7.693523 37.258045 -2.321602 
-7.693523 37.258045 -2.321602 
-7.693523 37.258045 -2.321602 
-7.775273 37.173539 -2.319794 
-7.775273 37.173539 -2.319794 
-7.850716 37.093238 -2.319786 
-7.850716 37.093238 -2.319786 
-7.932568 37.004625 -2.320458 
-8.016389 36.916446 -2.321940 
-8.100309 36.819272 -2.322145 
-8.100309 36.819272 -2.322145 
-8.185927 36.727360 -2.320728 
-8.185927 36.727360 -2.320728 
-8.185927 36.727360 -2.320728 
-8.185927 36.727360 -2.320728 
-8.185927 36.727360 -2.320728 
-8.273081 36.635870 -2.319328 
-8.360230 36.551827 -2.320212 
-8.360230 36.551827 -2.320212 
-8.445555 36.459492 -2.320316 
-8.445555 36.459492 -2.320316 
-8.534243 36.365860 -2.319341 
-8.623783 36.269573 -2.318526 
-8.623783 36.269573 -2.318526 
-8.623783 36.269573 -2.318526 
-8.711029 36.182600 -2.318604 
-8.711029 36.182600 -2.318604 
-8.800431 36.091342 -2.317822 
-8.800431 36.091342 -2.317822 
-8.887733 35.999941 -2.317294 
-8.976222 35.913427 -2.316608 
-8.976222 35.913427 -2.316608 
-8.976222 35.913427 -2.316608 
-9.066704 35.818640 -2.316106 
-9.066704 35.818640 -2.316106 
-9.153165 35.722756 -2.315607 
-9.153165 35.722756 -2.315607 
-9.243121 35.630704 -2.315349 
-9.243121 35.630704 -2.315349 
-9.333840 35.536240 -2.316263 
-9.333840 35.536240 -2.316263 
-9.424681 35.438800 -2.315047 
-9.424681 35.438800 -2.315047 
-9.517867 35.336464 -2.315712 
-9.517867 35.336464 -2.315712 
-9.610473 35.239609 -2.313778 
-9.610473 35.239609 -2.313778 
-9.698591 35.138025 -2.314209 
-9.698591 35.138025 -2.314209 
-9.787021 35.046377 -2.314042 
-9.787021 35.046377 -2.314042 
-9.879619 34.953692 -2.312947 
-9.968968 34.858818 -2.311748 
-10.061124 34.763553 -2.312676 
-10.061124 34.763553 -2.312676 
-10.148669 34.665688 -2.312560 
-10.148669 34.665688 -2.312560 
-10.148669 34.665688 -2.312560 
-10.148669 34.665688 -2.312560 
-10.241569 34.566632 -2.312265 
-10.241569 34.566632 -2.312265 
-10.335401 34.471902 -2.309354 
-10.335401 34.471902 -2.309354 
-10.423363 34.376239 -2.309496 
-10.524031 34.281931 -2.308341 
-10.612957 34.183189 -2.308567 
-10.612957 34.183189 -2.308567 
-10.612957 34.183189 -2.308567 
-10.612957 34.183189 -2.308567 
-10.701673 34.086704 -2.306573 
-10.701673 34.086704 -2.306573 
-10.791750 33.992894 -2.306472 
-10.791750 33.992894 -2.306472 
-10.880256 33.894217 -2.305590 
-10.966237 33.798087 -2.304755 
-10.966237 33.798087 -2.304755 
-10.966237 33.798087 -2.304755 
-11.046836 33.704496 -2.303935 
-11.046836 33.704496 -2.303935 
-11.128192 33.615706 -2.304547 
-11.128192 33.615706 -2.304547 
-11.208399 33.518137 -2.304762 
-11.208399 33.518137 -2.304762 
-11.301678 33.425132 -2.305023 
-11.301678 33.425132 -2.305023 
-11.388156 33.330321 -2.304504 
-11.388156 33.330321 -2.304504 
-11.475651 33.235468 -2.304690 
-11.475651 33.235468 -2.304690 
-11.561838 33.137225 -2.304419 
-11.561838 33.137225 -2.304419 
-11.650439 33.043616 -2.303795 
-11.650439 33.043616 -2.303795 
-11.736662 32.948432 -2.303510 
-11.736662 32.948432 -2.303510 
-11.819247 32.850878 -2.302342 
-11.819247 32.850878 -2.302342 
-11.909553 32.757424 -2.302121 
-11.909553 32.757424 -2.302121 
-11.994400 32.663842 -2.301936 
-11.994400 32.663842 -2.301936 
-12.077005 32.567224 -2.301615 
-12.077005 32.567224 -2.301615 
-12.165685 32.474620 -2.300334 
-12.165685 32.474620 -2.300334 
-12.253186 32.376823 -2.303278 
-12.343946 32.279913 -2.303304 
-12.343946 32.279913 -2.303304 
-12.343946 32.279913 -2.303304 
-12.441200 32.188114 -2.302823 
-12.441200 32.188114 -2.302823 
-12.527434 32.092286 -2.303148 
-12.527434 32.092286 -2.303148 
-12.609585 31.994567 -2.304073 
-12.609585 31.994567 -2.304073 
-12.697436 31.902433 -2.303402 
-12.697436 31.902433 -2.303402 
-12.784761 31.810336 -2.303515 
-12.784761 31.810336 -2.303515 
-12.864333 31.715716 -2.303858 
-12.948483 31.625940 -2.303743 
-12.948483 31.625940 -2.303743 
-12.948483 31.625940 -2.303743 
-13.034739 31.536911 -2.303449 
-13.034739 31.536911 -2.303449 
-13.123745 31.452683 -2.303277 
-13.205610 31.364660 -2.303407 
-13.205610 31.364660 -2.303407 
-13.205610 31.364660 -2.303407 
-13.292678 31.276122 -2.304469 
-13.375282 31.183208 -2.304349 
-13.462659 31.093540 -2.303745 
-13.462659 31.093540 -2.303745 
-13.552960 30.999937 -2.302814 
-13.552960 30.999937 -2.302814 
-13.637099 30.908434 -2.303444 
-13.637099 30.908434 -2.303444 
-13.637099 30.908434 -2.303444 
-13.637099 30.908434 -2.303444 
-13.717173 30.816745 -2.303300 
-13.717173 30.816745 -2.303300 
-13.796544 30.723790 -2.302147 
-13.796544 30.723790 -2.302147 
-13.871839 30.629865 -2.301892 
-13.871839 30.629865 -2.301892 
-13.950997 30.536126 -2.303432 
-13.950997 30.536126 -2.303432 
-14.032378 30.445709 -2.302140 
-14.032378 30.445709 -2.302140 
-14.123010 30.360325 -2.301022 
-14.123010 30.360325 -2.301022 
-14.213840 30.266816 -2.300900 
-14.213840 30.266816 -2.300900 
-14.301779 30.178564 -2.300848 
-14.301779 30.178564 -2.300848 
-14.390910 30.090419 -2.299584 
-14.390910 30.090419 -2.299584 
-14.475494 29.997352 -2.299728 
-14.475494 29.997352 -2.299728 
-14.556247 29.906254 -2.299827 
-14.556247 29.906254 -2.299827 
-14.640290 29.811037 -2.299148 
-14.640290 29.811037 -2.299148 
-14.723023 29.719035 -2.297994 
-14.723023 29.719035 -2.297994 
-14.806362 29.629248 -2.298421 
-14.806362 29.629248 -2.298421 
-14.883170 29.530880 -2.299014 
-14.883170 29.530880 -2.299014 
-14.964734 29.439911 -2.301197 
-14.964734 29.439911 -2.301197 
-15.050442 29.348431 -2.299952 
-15.133454 29.259885 -2.300782 
-15.133454 29.259885 -2.300782 
-15.133454 29.259885 -2.300782 
-15.216476 29.164882 -2.300393 
-15.216476 29.164882 -2.300393 
-15.296973 29.072280 -2.302575 
-15.296973 29.072280 -2.302575 
-15.379323 28.978109 -2.304138 
-15.379323 28.978109 -2.304138 
-15.463039 28.886500 -2.306390 
-15.548605 28.797399 -2.307111 
-15.548605 28.797399 -2.307111 
-15.548605 28.797399 -2.307111 
-15.632933 28.707691 -2.327184 
-15.632933 28.707691 -2.327184 
-15.726081 28.619804 -2.341838 
-15.726081 28.619804 -2.341838 
-15.814617 28.530529 -2.342862 
-15.814617 28.530529 -2.342862 
-15.898985 28.440370 -2.347890 
-15.898985 28.440370 -2.347890 
-15.981696 28.348867 -2.351033 
-15.981696 28.348867 -2.351033 
-16.067208 28.261257 -2.355003 
-16.148851 28.169573 -2.356203 
-16.235994 28.081747 -2.357231 
-16.235994 28.081747 -2.357231 
-16.235994 28.081747 -2.357231 
-16.326224 27.994705 -2.346052 
-16.326224 27.994705 -2.346052 
-16.326224 27.994705 -2.346052 
-16.419758 27.914395 -2.329954 
-16.419758 27.914395 -2.329954 
-16.506390 27.828650 -2.309554 
-16.506390 27.828650 -2.309554 
-16.590663 27.740228 -2.299852 
-16.590663 27.740228 -2.299852 
-16.678804 27.655897 -2.292308 
-16.678804 27.655897 -2.292308 
-16.757295 27.562245 -2.286767 
-16.757295 27.562245 -2.286767 
-16.841327 27.471938 -2.279312 
-16.841327 27.471938 -2.279312 
-16.921136 27.383578 -2.274654 
-16.921136 27.383578 -2.274654 
-17.000828 27.289236 -2.270052 
-17.000828 27.289236 -2.270052 
-17.077303 27.192381 -2.267371 
-17.077303 27.192381 -2.267371 
-17.155035 27.097670 -2.262941 
-17.155035 27.097670 -2.262941 
-17.234813 27.002576 -2.260372 
-17.310363 26.905938 -2.258579 
-17.310363 26.905938 -2.258579 
-17.310363 26.905938 -2.258579 
-17.387825 26.804728 -2.256024 
-17.387825 26.804728 -2.256024 
-17.466794 26.706051 -2.253231 
-17.466794 26.706051 -2.253231 
-17.543541 26.609752 -2.253111 
-17.543541 26.609752 -2.253111 
-17.628178 26.519452 -2.251683 
-17.628178 26.519452 -2.251683 
-17.704587 26.419882 -2.250859 
-17.704587 26.419882 -2.250859 
-17.785577 26.322943 -2.249262 
-17.785577 26.322943 -2.249262 
-17.866596 26.229154 -2.248705 
-17.866596 26.229154 -2.248705 
-17.945617 26.133203 -2.247851 
-17.945617 26.133203 -2.247851 
-18.027459 26.034901 -2.248246 
-18.027459 26.034901 -2.248246 
-18.106396 25.934455 -2.247079 
-18.106396 25.934455 -2.247079 
-18.173643 25.845314 -2.245838 
-18.239926 25.762713 -2.244710 
-18.308717 25.681233 -2.245000 
-18.308717 25.681233 -2.245000 
-18.308717 25.681233 -2.245000 
-18.386252 25.589642 -2.245192 
-18.386252 25.589642 -2.245192 
-18.386252 25.589642 -2.245192 
-18.466093 25.499328 -2.246013 
-18.466093 25.499328 -2.246013 
-18.545365 25.397144 -2.243538 
-18.627051 25.304504 -2.243702 
-18.703348 25.208228 -2.241892 
-18.703348 25.208228 -2.241892 
-18.780337 25.114582 -2.242280 
-18.780337 25.114582 -2.242280 
-18.780337 25.114582 -2.242280 
-18.780337 25.114582 -2.242280 
-18.859333 25.005170 -2.241834 
-18.859333 25.005170 -2.241834 
-18.943229 24.902329 -2.240021 
-18.943229 24.902329 -2.240021 
-19.021749 24.805664 -2.239818 
-19.021749 24.805664 -2.239818 
-19.091747 24.709040 -2.238299 
-19.091747 24.709040 -2.238299 
-19.162226 24.613538 -2.239342 
-19.162226 24.613538 -2.239342 
-19.238926 24.524004 -2.240008 
-19.317822 24.433749 -2.240393 
-19.317822 24.433749 -2.240393 
-19.317822 24.433749 -2.240393 
-19.394431 24.332751 -2.238768 
-19.394431 24.332751 -2.238768 
-19.472911 24.241081 -2.237737 
-19.472911 24.241081 -2.237737 
-19.542386 24.152935 -2.238512 
-19.542386 24.152935 -2.238512 
-19.617405 24.054128 -2.238539 
-19.617405 24.054128 -2.238539 
-19.698512 23.950491 -2.238002 
-19.698512 23.950491 -2.238002 
-19.777977 23.838541 -2.235536 
-19.777977 23.838541 -2.235536 
-19.858132 23.732388 -2.235838 
-19.858132 23.732388 -2.235838 
-19.946964 23.634452 -2.234198 
-19.946964 23.634452 -2.234198 
-20.022464 23.530992 -2.234036 
-20.022464 23.530992 -2.234036 
-20.100834 23.431533 -2.233079 
-20.100834 23.431533 -2.233079 
-20.183089 23.336226 -2.232310 
-20.256428 23.242900 -2.232426 
-20.328630 23.149554 -2.232436 
-20.328630 23.149554 -2.232436 
-20.328630 23.149554 -2.232436 
-20.328630 23.149554 -2.232436 
-20.393387 23.047425 -2.230305 
-20.393387 23.047425 -2.230305 
-20.464979 22.954318 -2.232976 
-20.464979 22.954318 -2.232976 
-20.541136 22.852313 -2.233359 
-20.541136 22.852313 -2.233359 
-20.620843 22.750772 -2.230629 
-20.620843 22.750772 -2.230629 
-20.698586 22.669692 -2.231382 
-20.766283 22.582559 -2.230173 
-20.847414 22.504088 -2.232619 
-20.847414 22.504088 -2.232619 
-20.847414 22.504088 -2.232619 
-20.847414 22.504088 -2.232619 
-20.930735 22.421617 -2.231787 
-20.930735 22.421617 -2.231787 
-21.009313 22.326455 -2.226709 
-21.086230 22.235801 -2.214330 
-21.162018 22.139132 -2.197471 
-21.162018 22.139132 -2.197471 
-21.162018 22.139132 -2.197471 
-21.162018 22.139132 -2.197471 
-21.223846 22.040895 -2.174615 
-21.294415 21.946455 -2.152565 
-21.294415 21.946455 -2.152565 
-21.294415 21.946455 -2.152565 
-21.355583 21.840452 -2.119441 
-21.355583 21.840452 -2.119441 
-21.414125 21.734716 -2.084360 
-21.414125 21.734716 -2.084360 
-21.475483 21.633460 -2.049054 
-21.475483 21.633460 -2.049054 
-21.530868 21.529290 4.261657 
-21.530868 21.529290 4.261657 
-21.576941 21.419873 4.279550 
-21.576941 21.419873 4.279550 
-21.627527 21.309424 4.300292 
-21.627527 21.309424 4.300292 
-21.673438 21.202119 4.312568 
-21.673438 21.202119 4.312568 
-21.716542 21.080460 4.337710 
-21.716542 21.080460 4.337710 
-21.765135 20.960412 4.358444 
-21.765135 20.960412 4.358444 
-21.806699 20.843713 4.383104 
-21.806699 20.843713 4.383104 
-21.841801 20.722125 4.408664 
-21.875763 20.602469 4.440900 
-21.875763 20.602469 4.440900 
-21.875763 20.602469 4.440900 
-21.916671 20.477127 4.475825 
-21.916671 20.477127 4.475825 
-21.948706 20.357925 4.514309 
-21.948706 20.357925 4.514309 
-21.980032 20.235958 4.554090 
-21.980032 20.235958 4.554090 
-21.986032 20.104931 4.581958 
-21.986032 20.104931 4.581958 
-21.998703 19.970205 4.615573 
-21.998703 19.970205 4.615573 
-22.019679 19.843469 4.646429 
-22.019679 19.843469 4.646429 
-22.026317 19.721970 4.673208 
-22.026317 19.721970 4.673208 
-22.023818 19.591173 4.702864 
-22.023818 19.591173 4.702864 
-22.031961 19.466488 4.734756 
-22.031961 19.466488 4.734756 
-22.012408 19.343619 4.762638 
-22.001751 19.209777 4.792398 
-21.973431 19.083017 4.814281 
-21.973431 19.083017 4.814281 
-21.973431 19.083017 4.814281 
-21.973431 19.083017 4.814281 
-21.950592 18.963971 4.842034 
-21.950592 18.963971 4.842034 
-21.928960 18.830210 4.852430 
-21.910776 18.711176 4.865878 
-21.889108 18.590641 4.885524 
-21.889108 18.590641 4.885524 
-21.873423 18.477890 4.912019 
-21.873423 18.477890 4.912019 
-21.849399 18.356531 4.944296 
-21.849399 18.356531 4.944296 
-21.849399 18.356531 4.944296 
-21.849399 18.356531 4.944296 
-21.827509 18.234416 4.977619 
-21.827509 18.234416 4.977619 
-21.785146 18.127870 5.010280 
-21.785146 18.127870 5.010280 
-21.785146 18.127870 5.010280 
-21.744367 18.016960 5.040451 
-21.703511 17.893553 5.058795 
-21.703511 17.893553 5.058795 
-21.656163 17.781020 5.070936 
-21.656163 17.781020 5.070936 
-21.608713 17.669244 5.087880 
-21.608713 17.669244 5.087880 
-21.552786 17.554338 5.104645 
-21.502716 17.447105 5.118990 
-21.502716 17.447105 5.118990 
-21.502716 17.447105 5.118990 
-21.448915 17.326043 5.133685 
-21.448915 17.326043 5.133685 
-21.394815 17.201011 5.149640 
-21.394815 17.201011 5.149640 
-21.339710 17.091311 5.168633 
-21.339710 17.091311 5.168633 
-21.277257 16.976092 5.188353 
-21.277257 16.976092 5.188353 
-21.223971 16.858045 5.209312 
-21.223971 16.858045 5.209312 
-21.159902 16.737318 5.231285 
-21.159902 16.737318 5.231285 
-21.093045 16.628663 5.258027 
-21.093045 16.628663 5.258027 
-21.020210 16.523345 5.279519 
-21.020210 16.523345 5.279519 
-21.020210 16.523345 5.279519 
-20.947113 16.420574 5.306391 
-20.876217 16.319232 5.327485 
-20.810749 16.213651 5.343823 
-20.736589 16.115683 5.356335 
-20.736589 16.115683 5.356335 
-20.736589 16.115683 5.356335 
-20.669360 16.010019 5.365552 
-20.669360 16.010019 5.365552 
-20.669360 16.010019 5.365552 
-20.586330 15.904999 5.374519 
-20.586330 15.904999 5.374519 
-20.510009 15.804390 5.380426 
-20.510009 15.804390 5.380426 
-20.510009 15.804390 5.380426 
-20.432662 15.709890 5.384572 
-20.351683 15.607269 5.387604 
-20.270753 15.505107 5.391874 
-20.192000 15.396510 5.394210 
-20.192000 15.396510 5.394210 
-20.192000 15.396510 5.394210 
-20.192000 15.396510 5.394210 
-20.192000 15.396510 5.394210 
-20.105234 15.296706 5.396900 
-20.105234 15.296706 5.396900 
-19.934389 15.098265 5.401250 
-19.934389 15.098265 5.401250 
-19.853993 14.997574 5.402113 
-19.853993 14.997574 5.402113 
-19.853993 14.997574 5.402113 
-19.776160 14.901233 5.404755 
-19.776160 14.901233 5.404755 
-19.696152 14.802496 5.405462 
-19.696152 14.802496 5.405462 
-19.696152 14.802496 5.405462 
-19.607424 14.699517 5.407929 
-19.524212 14.601197 5.409078 
-19.524212 14.601197 5.409078 
-19.449702 14.503245 5.410883 
-19.449702 14.503245 5.410883 
-19.371009 14.409513 5.410961 
-19.371009 14.409513 5.410961 
-19.291699 14.316032 5.411741 
-19.291699 14.316032 5.411741 
-19.218392 14.214989 5.413454 
-19.218392 14.214989 5.413454 
-19.134245 14.121130 5.415014 
-19.134245 14.121130 5.415014 
-19.053908 14.020672 5.415371 
-19.053908 14.020672 5.415371 
-18.968868 13.925281 5.416606 
-18.968868 13.925281 5.416606 
-18.894518 13.824850 5.417927 
-18.894518 13.824850 5.417927 
-18.814405 13.727026 5.419195 
-18.814405 13.727026 5.419195 
-18.743345 13.625068 5.419657 
-18.663429 13.537672 5.421307 
-18.583126 13.453762 5.422673 
-18.583126 13.453762 5.422673 
-18.583126 13.453762 5.422673 
-18.583126 13.453762 5.422673 
-18.583126 13.453762 5.422673 
-18.502636 13.364169 5.422341 
-18.426396 13.276961 5.422782 
-18.426396 13.276961 5.422782 
-18.346605 13.185440 5.422939 
-18.346605 13.185440 5.422939 
-18.270254 13.092556 5.424614 
-18.270254 13.092556 5.424614 
-18.195573 13.000921 5.424845 
-18.126302 12.911350 5.425002 
-18.126302 12.911350 5.425002 
-18.126302 12.911350 5.425002 
-18.126302 12.911350 5.425002 
-18.050732 12.821503 5.424720 
-17.973667 12.726734 5.426033 
-17.973667 12.726734 5.426033 
-17.894972 12.629896 5.425370 
-17.894972 12.629896 5.425370 
-17.808183 12.526650 5.426650 
-17.808183 12.526650 5.426650 
-17.721286 12.437872 5.426315 
-17.721286 12.437872 5.426315 
-17.642137 12.342498 5.428435 
-17.557105 12.246314 5.427268 
-17.557105 12.246314 5.427268 
-17.469806 12.147048 5.428171 
-17.469806 12.147048 5.428171 
-17.469806 12.147048 5.428171 
-17.385395 12.045990 5.428631 
-17.385395 12.045990 5.428631 
-17.385395 12.045990 5.428631 
-17.302377 11.944925 5.430449 
-17.217986 11.848229 5.430696 
-17.217986 11.848229 5.430696 
-17.133735 11.749184 5.432026 
-17.133735 11.749184 5.432026 
-17.048932 11.651014 5.430939 
-17.048932 11.651014 5.430939 
-16.959118 11.553532 5.432779 
-16.959118 11.553532 5.432779 
-16.871199 11.456516 5.432736 
-16.871199 11.456516 5.432736 
-16.789801 11.353898 5.433722 
-16.789801 11.353898 5.433722 
-16.706758 11.259037 5.433368 
-16.706758 11.259037 5.433368 
-16.620824 11.163026 5.435243 
-16.620824 11.163026 5.435243 
-16.535820 11.066253 5.434466 
-16.535820 11.066253 5.434466 
-16.451415 10.963843 5.435961 
-16.451415 10.963843 5.435961 
-16.369389 10.866165 5.436113 
-16.369389 10.866165 5.436113 
-16.369389 10.866165 5.436113 
-16.288753 10.769645 5.437245 
-16.207232 10.673401 5.436816 
-16.207232 10.673401 5.436816 
-16.124820 10.580131 5.437080 
-16.124820 10.580131 5.437080 
-16.038821 10.486219 5.437273 
-15.955739 10.393206 5.438734 
-15.955739 10.393206 5.438734 
-15.955739 10.393206 5.438734 
-15.955739 10.393206 5.438734 
-15.874126 10.296234 5.438781 
-15.794247 10.198520 5.438843 
-15.794247 10.198520 5.438843 
-15.713470 10.104131 5.439264 
-15.713470 10.104131 5.439264 
-15.628541 10.005132 5.442607 
-15.546778 9.912435 5.443943 
-15.461775 9.818758 5.450851 
-15.461775 9.818758 5.450851 
-15.461775 9.818758 5.450851 
-15.461775 9.818758 5.450851 
-15.376981 9.721932 5.456745 
-15.376981 9.721932 5.456745 
-15.376981 9.721932 5.456745 
-15.206219 9.537267 5.470726 
-15.206219 9.537267 5.470726 
-15.206219 9.537267 5.470726 
-15.120264 9.447859 5.477091 
-15.120264 9.447859 5.477091 
-15.039214 9.356831 5.481569 
-14.957856 9.267487 5.486716 
-14.957856 9.267487 5.486716 
-14.872042 9.179081 5.489997 
-14.872042 9.179081 5.489997 
-14.872042 9.179081 5.489997 
-14.779339 9.086383 5.493054 
-14.779339 9.086383 5.493054 
-14.687206 8.997577 5.496425 
-14.687206 8.997577 5.496425 
-14.600766 8.907140 5.498767 
-14.600766 8.907140 5.498767 
-14.508478 8.819719 5.500208 
-14.508478 8.819719 5.500208 
-14.420786 8.730536 5.501346 
-14.420786 8.730536 5.501346 
-14.335249 8.644026 5.503372 
-14.335249 8.644026 5.503372 
-14.242861 8.550329 5.504473 
-14.242861 8.550329 5.504473 
-14.157333 8.457440 5.505678 
-14.157333 8.457440 5.505678 
-14.066211 8.369479 5.506692 
-14.066211 8.369479 5.506692 
-13.978365 8.280166 5.507863 
-13.978365 8.280166 5.507863 
-13.891899 8.184680 5.508957 
-13.891899 8.184680 5.508957 
-13.805196 8.100808 5.510145 
-13.805196 8.100808 5.510145 
-13.717653 8.014960 5.509900 
-13.717653 8.014960 5.509900 
-13.625241 7.915532 5.510350 
-13.625241 7.915532 5.510350 
-13.625241 7.915532 5.510350 
-13.529443 7.826494 5.511288 
-13.439089 7.732985 5.511970 
-13.439089 7.732985 5.511970 
-13.343264 7.636959 5.512685 
-13.343264 7.636959 5.512685 
-13.254046 7.546597 5.513391 
-13.254046 7.546597 5.513391 
-13.159600 7.453219 5.514016 
-13.159600 7.453219 5.514016 
-13.159600 7.453219 5.514016 
-13.062578 7.361449 5.514187 
-12.969001 7.269362 5.515881 
-12.969001 7.269362 5.515881 
-12.875790 7.175931 5.515348 
-12.875790 7.175931 5.515348 
-12.782391 7.086234 5.517916 
-12.782391 7.086234 5.517916 
-12.688314 7.001131 5.516339 
-12.596091 6.911770 5.516729 
-12.501159 6.816318 5.518073 
-12.501159 6.816318 5.518073 
-12.409630 6.723160 5.520109 
-12.409630 6.723160 5.520109 
-12.409630 6.723160 5.520109 
-12.409630 6.723160 5.520109 
-12.320108 6.629948 5.519028 
-12.320108 6.629948 5.519028 
-12.226090 6.539330 5.519283 
-12.132976 6.447398 5.519741 
-12.033141 6.356021 5.521253 
-12.033141 6.356021 5.521253 
-12.033141 6.356021 5.521253 
-12.033141 6.356021 5.521253 
-11.940617 6.266688 5.520345 
-11.940617 6.266688 5.520345 
-11.845098 6.177015 5.522859 
-11.845098 6.177015 5.522859 
-11.759739 6.087840 5.523056 
-11.759739 6.087840 5.523056 
-11.670552 6.002567 5.522656 
-11.670552 6.002567 5.522656 
-11.578217 5.917025 5.521409 
-11.578217 5.917025 5.521409 
-11.482954 5.819722 5.524422 
-11.482954 5.819722 5.524422 
-11.391973 5.734441 5.524945 
-11.391973 5.734441 5.524945 
-11.302362 5.648407 5.524604 
-11.302362 5.648407 5.524604 
-11.209305 5.551626 5.524105 
-11.209305 5.551626 5.524105 
-11.111671 5.461851 5.523871 
-11.111671 5.461851 5.523871 
-11.013897 5.368315 5.524770 
-11.013897 5.368315 5.524770 
-10.917074 5.271905 5.524955 
-10.917074 5.271905 5.524955 
-10.820136 5.174259 5.527081 
-10.820136 5.174259 5.527081 
-10.726791 5.086953 5.528110 
-10.726791 5.086953 5.528110 
-10.637916 4.999371 5.527147 
-10.637916 4.999371 5.527147 
-10.542453 4.908810 5.527376 
-10.542453 4.908810 5.527376 
-10.443173 4.817786 5.529019 
-10.443173 4.817786 5.529019 
-10.348241 4.725840 5.529085 
-10.348241 4.725840 5.529085 
-10.348241 4.725840 5.529085 
-10.159049 4.546456 5.530736 
-10.064281 4.449127 5.530732 
-10.064281 4.449127 5.530732 
-10.064281 4.449127 5.530732 
-10.064281 4.449127 5.530732 
-9.967637 4.352997 5.531260 
-9.967637 4.352997 5.531260 
-9.872190 4.260349 5.532031 
-9.872190 4.260349 5.532031 
-9.782296 4.170259 5.532287 
-9.782296 4.170259 5.532287 
-9.683310 4.081869 5.531917 
-9.683310 4.081869 5.531917 
-9.589814 3.991861 5.531609 
-9.589814 3.991861 5.531609 
-9.489862 3.897552 5.531955 
-9.489862 3.897552 5.531955 
-9.385783 3.806231 5.532271 
-9.385783 3.806231 5.532271 
-9.282542 3.707494 5.533956 
-9.282542 3.707494 5.533956 
-9.175564 3.615912 5.533728 
-9.076390 3.523755 5.533558 
-9.076390 3.523755 5.533558 
-9.076390 3.523755 5.533558 
-8.977503 3.426690 5.534772 
-8.977503 3.426690 5.534772 
-8.878023 3.331307 5.535171 
-8.776706 3.236507 5.534509 
-8.776706 3.236507 5.534509 
-8.776706 3.236507 5.534509 
-8.675833 3.130202 5.535445 
-8.675833 3.130202 5.535445 
-8.575774 3.029813 5.536806 
-8.575774 3.029813 5.536806 
-8.475670 2.936198 5.537304 
-8.475670 2.936198 5.537304 
-8.375902 2.844872 5.537672 
-8.375902 2.844872 5.537672 
-8.280052 2.753298 5.537576 
-8.280052 2.753298 5.537576 
-8.175071 2.664223 5.539004 
-8.175071 2.664223 5.539004 
-8.175071 2.664223 5.539004 
-8.079587 2.569910 5.538907 
-7.978723 2.479261 5.540063 
-7.978723 2.479261 5.540063 
-7.882703 2.391572 5.539993 
-7.882703 2.391572 5.539993 
-7.784807 2.297063 5.540694 
-7.784807 2.297063 5.540694 
-7.687980 2.209209 5.540737 
-7.595500 2.116981 5.541883 
-7.498325 2.027080 5.543182 
-7.498325 2.027080 5.543182 
-7.498325 2.027080 5.543182 
-7.498325 2.027080 5.543182 
-7.404630 1.933240 5.544408 
-7.404630 1.933240 5.544408 
-7.308289 1.847805 5.542614 
-7.308289 1.847805 5.542614 
-7.209746 1.757403 5.543816 
-7.209746 1.757403 5.543816 
-7.113359 1.670943 5.544408 
-7.113359 1.670943 5.544408 
-7.020389 1.585072 5.544802 
-7.020389 1.585072 5.544802 
-6.923169 1.496066 5.545156 
-6.923169 1.496066 5.545156 
-6.834588 1.407762 5.546050 
-6.834588 1.407762 5.546050 
-6.740516 1.321083 5.546522 
-6.740516 1.321083 5.546522 
-6.650306 1.234230 5.547576 
-6.650306 1.234230 5.547576 
-6.559425 1.149932 5.547623 
-6.469842 1.069196 5.547309 
-6.469842 1.069196 5.547309 
-6.469842 1.069196 5.547309 
-6.376846 0.983107 5.548301 
-6.376846 0.983107 5.548301 
-6.283354 0.894815 5.548843 
-6.189397 0.807556 5.548808 
-6.189397 0.807556 5.548808 
-6.189397 0.807556 5.548808 
-6.095697 0.722269 5.549562 
-6.095697 0.722269 5.549562 
-6.004345 0.640031 5.550286 
-6.004345 0.640031 5.550286 
-5.927977 0.570378 5.550534 
-5.927977 0.570378 5.550534 
-5.863246 0.519798 5.552273 
-5.863246 0.519798 5.552273 
-5.830619 0.497890 5.553854 
-5.830619 0.497890 5.553854 
-5.824341 0.493471 5.553443 
-5.824341 0.493471 5.553443 
-5.833507 0.510496 5.552444 
-5.833507 0.510496 5.552444 
-5.836648 0.505230 5.554336 
-5.836648 0.505230 5.554336 
-5.839965 0.498091 5.555066 
-5.839965 0.498091 5.555066 
-5.842011 0.493573 5.555398 
-5.843578 0.492049 5.555268 
-5.843578 0.492049 5.555268 
-5.843578 0.492049 5.555268 
-5.849256 0.488926 5.555536 
-5.849256 0.488926 5.555536 
-5.850014 0.493208 5.555255 
-5.850014 0.493208 5.555255 
-5.846629 0.495108 5.555077 
-5.846629 0.495108 5.555077 
-5.846629 0.495108 5.555077 
-5.844610 0.493351 5.555256 
-5.842847 0.493311 5.555572 
-5.842847 0.493311 5.555572 
-5.844103 0.491065 5.555166 
-5.844103 0.491065 5.555166 
-5.838864 0.491724 5.555307 
-5.838864 0.491724 5.555307 
-5.839289 0.494570 5.555135 
-5.839289 0.494570 5.555135 
-5.837749 0.495997 5.554916 
-5.837749 0.495997 5.554916 
-5.838003 0.494804 5.555173 
-5.838003 0.494804 5.555173 
-5.836068 0.497773 5.554642 
-5.836376 0.493863 5.555318 
-5.838419 0.497722 5.554866 
-5.838419 0.497722 5.554866 
-5.838419 0.497722 5.554866 
-5.838419 0.497722 5.554866 
-5.839897 0.498358 5.554844 
-5.839897 0.498358 5.554844 
-5.841588 0.498754 5.555183 
-5.841588 0.498754 5.555183 
-5.843212 0.495776 5.555244 
-5.843212 0.495776 5.555244 
-5.838956 0.496108 5.554998 
-5.838956 0.496108 5.554998 
-5.842580 0.493236 5.555423 
-5.844428 0.489125 5.555983 
-5.841954 0.490301 5.555279 
-5.841954 0.490301 5.555279 
-5.841954 0.490301 5.555279 
-5.841954 0.490301 5.555279 
-5.844406 0.490087 5.555260 
-5.844406 0.490087 5.555260 
-5.842776 0.490811 5.555116 
-5.842776 0.490811 5.555116 
-5.841865 0.492876 5.554974 
-5.841865 0.492876 5.554974 
